1 40.4233333333 -3.69083333333
2 40.41 -3.69027777778
3 40.4211111111 -3.70472222222
4 40.4277777778 -3.71111111111
5 40.4769444444 -3.71527777778
6 40.4425 -3.68944444444
8 40.4255555556 -3.68111111111
10 40.4438888889 -3.705
11 40.4525 -3.67583333333
12 40.4311111111 -3.66722222222
13 40.3972222222 -3.6675
14 40.3849444444 -3.71872222222
16 40.3471 -3.6375
17 40.3471111111 -3.71332777778
18 40.3955555556 -3.73
19 40.4111111111 -3.73777777778
20 40.4069444444 -3.64972222222
24 40.4216666667 -3.74888888889
25 40.38 -3.60111111111
26 40.4604722222 -3.57888888889
27 40.4781111111 -3.57883333333
28 40.3763611111 -3.77663888889
29 40.5192777778 -3.77344444444
30 40.4619166667 -3.61525
31 40.4942055556 -3.66050555556
47 40.3981138889 -3.686825
48 40.4398444444 -3.69035555556
50 40.4655555556 -3.68861111111
54 40.4625277778 -3.61213888889
55 40.4625277778 -3.58066666667
86 40.5005555556 -3.68972222222
